1
1.000000 0.000000 672.000000 0.000000 1.000000 872.000000 0.000000 0.000000 1.000000 
2
1.000000 0.000000 1112.000000 0.000000 1.000000 696.000000 0.000000 0.000000 1.000000
3
1.000000 0.000000 1288.000000 0.000000 1.000000 648.000000 0.000000 0.000000 1.000000
4
1.000000 0.000000 936.000000 0.000000 1.000000 872.000000 0.000000 0.000000 1.000000
5
1.000000 0.000000 1416.000000 0.000000 1.000000 776.000000 0.000000 0.000000 1.000000
6
1.000000 0.000000 176.000000 0.000000 1.000000 880.000000 0.000000 0.000000 1.000000
7
1.000000 0.000000 1520.000000 0.000000 1.000000 216.000000 0.000000 0.000000 1.000000
8
1.000000 0.000000 1552.000000 0.000000 1.000000 488.000000 0.000000 0.000000 1.000000
9
1.000000 0.000000 456.000000 0.000000 1.000000 48.000000 0.000000 0.000000 1.000000
10
1.000000 0.000000 592.000000 0.000000 1.000000 456.000000 0.000000 0.000000 1.000000
11
1.000000 0.000000 1016.000000 0.000000 1.000000 408.000000 0.000000 0.000000 1.000000
12
1.000000 0.000000 1152.000000 0.000000 1.000000 280.000000 0.000000 0.000000 1.000000
13
1.000000 0.000000 1008.000000 0.000000 1.000000 8.000000 0.000000 0.000000 1.000000
14
1.000000 0.000000 208.000000 0.000000 1.000000 48.000000 0.000000 0.000000 1.000000
15
1.000000 0.000000 24.000000 0.000000 1.000000 360.000000 0.000000 0.000000 1.000000
16
1.000000 0.000000 424.000000 0.000000 1.000000 720.000000 0.000000 0.000000 1.000000
17
1.000000 0.000000 800.000000 0.000000 1.000000 720.000000 0.000000 0.000000 1.000000
